460 962
959 743
288 35
130 549
548 964
446 452
332 999
228 528
734 825
81 503
227 254
28 915
577 205
324 904
992 507
220 45
110 282
258 471
421 223
248 109
833 834
714 452
13 202
422 471
245 68
313 759
262 10
489 484
393 308
338 295
601 155
107 965
687 347
451 673
274 891
154 171
638 57
41 369
664 129
958 494
712 218
298 634
458 443
941 759
733 209
371 349
612 463
305 353
671 431
551 871
172 266
504 28
646 58
8 315
746 833
208 191
820 648
342 344
273 987
553 996
34 863
187 460
301 432
351 2
810 49
177 443
797 1
85 729
221 181
960 769
666 233
835 290
652 474
595 622
865 818
930 513
836 726
742 579
710 318
25 360
295 873
236 651
613 616
174 611
611 817
135 471
628 389
141 978
655 55
108 75
195 422
512 103
332 35
723 413
357 807
447 882
987 822
168 675
127 45
897 664
875 153
314 643
321 264
900 609
524 473
38 925
860 335
340 908
969 330
143 902
942 35
664 29
820 45
156 629
349 830
706 765
430 22
794 967
733 735
711 840
286 324
333 806
931 47
9 321
475 253
328 827
394 211
24 708
631 760
59 506
469 662
310 397
197 361
14 590
636 712
878 193
613 421
277 70
260 125
497 747
497 497
230 109
247 191
213 760
35 864
593 255
39 521
612 256
923 939
960 868
146 785
595 158
834 690
880 165
291 965
606 463
463 742
75 28
598 26
527 366
392 157
307 893
74 950
759 503
107 396
925 356
101 295
791 125
652 384
152 183
89 423
616 439
72 703
270 750
279 847
401 482
822 963
991 816
429 340
752 88
799 38
478 344
949 211
130 581
450 153
440 416
606 848
989 67
288 474
182 942
437 912
230 383
416 128
578 699
417 449
642 593
62 397
458 985
694 818
822 348
350 106
961 507
79 702
542 952
896 119
1 592
861 136
751 453
471 663
939 777
575 982
142 995
665 610
946 630
812 76
458 563
168 803
754 250
473 3
589 360
5 39
852 358
586 405
34 470
3 681
837 107
512 364
804 131
350 325
542 326
845 894
387 925
93 531
632 706
506 842
75 261
95 299
586 350
915 943
128 595
865 877
600 850
679 94
886 775
791 951
729 613
854 490
393 974
220 542
533 960
355 849
488 132
155 712
297 896
25 910
622 396
991 611
845 971
451 970
310 64
881 976
290 929
29 527
730 116
387 79
431 416
203 172
8 160
926 825
926 711
96 203
302 567
687 986
10 946
730 973
474 783
339 718
641 416
244 883
919 417
342 226
255 478
982 769
160 884
392 541
730 246
782 780
854 934
225 631
812 302
252 894
312 282
647 966
690 553
702 269
646 628
869 245
441 965
815 374
34 989
43 898
816 427
620 479
310 914
6 254
327 938
981 255
266 631
566 86
30 290
975 901
253 684
765 409
695 687
478 96
699 667
926 415
780 138
587 594
539 175
857 305
748 695
95 127
892 522
75 510
438 30
557 159
475 528
796 864
594 171
895 464
380 656
964 432
220 88
69 379
709 702
657 469
413 809
950 1
51 724
146 306
143 468
232 427
510 663
423 473
775 785
513 262
847 764
425 982
52 541
524 397
656 586
680 37
389 36
659 12
260 67
924 234
971 803
96 261
990 781
931 241
976 33
173 470
346 621
326 659
106 372
982 403
925 622
57 903
293 568
575 24
671 919
661 779
238 378
735 168
997 311
682 363
74 82
961 656
792 460
675 686
894 715
888 285
447 367
108 591
204 373
719 865
686 552
607 996
473 530
999 435
717 602
689 213
791 588
307 38
354 831
319 500
700 240
973 610
899 503
511 153
159 611
830 243
793 96
824 636
863 647
59 322
685 662
778 478
954 784
490 55
644 696
699 61
326 887
812 11
618 868
347 77
287 514
216 15
614 135
438 561
586 339
372 724
340 88
84 868
589 289
451 862
922 438
409 262
96 496
152 423
225 71
86 522
683 177
160 71
228 686
158 713
663 137
892 124
160 920
952 831
764 841
903 465
510 218
157 580
328 975
329 748
264 312
421 32
336 820
205 731
304 697
986 758
197 6
184 502
165 348
123 87
627 834
332 520
976 79
482 443
953 2
951 14
420 386
159 319
505 497
956 694
868 205
154 655
967 997
377 589
338 886
468 860
602 436
448 231
765 646
680 426
429 338
636 515
824 468
268 597
317 194
42 612
926 883
14 680
180 959
522 762
769 92
772 597
916 417
964 906
768 70
538 191
628 369
924 197
724 196
843 589
825 704
234 72
768 219
391 647
919 735
910 898
450 560
736 80
720 529
726 324
938 335
781 608
255 336
773 941
275 110
912 374
773 895
625 11
551 923
454 944
303 974
724 274
873 800
262 364
563 452
171 114
66 779
533 343
631 689
555 613
296 978
406 37
512 70
991 290
522 651
935 1
862 573
741 769
487 908
753 872
34 887
212 219
711 600
555 295
222 186
25 833
239 338
770 292
593 957
546 528
458 573
9 956
473 769
365 28
560 902
323 318
772 585
222 279
936 179
750 609
795 486
770 519
634 27
869 841
17 691
695 662
902 981
379 341
751 532
969 470
19 769
931 770
46 847
781 571
34 548
303 832
573 886
55 201
726 527
861 745
460 107
836 328
188 437
293 460
306 847
740 530
737 750
194 31
436 296
392 389
972 273
620 852
196 504
84 636
723 574
539 547
451 410
281 892
250 974
214 162
167 231
557 331
190 948
297 490
795 382
510 2
114 305
76 638
936 968
129 700
671 873
693 529
765 873
83 882
97 432
130 498
621 464
254 712
504 101
554 380
335 630
71 884
694 494
613 424
979 502
640 200
825 883
910 61
261 268
938 651
313 291
108 35
683 695
295 392
404 997
478 42
840 642
708 294
201 476
282 877
989 273
533 580
406 678
752 338
920 971
538 170
727 483
411 977
405 466
702 323
332 121
879 795
327 269
416 454
846 300
309 949
89 888
701 772
651 460
815 691
750 709
56 802
663 16
293 25
861 14
934 311
750 322
766 14
116 900
119 925
918 832
684 357
308 454
538 298
955 475
166 718
481 41
130 405
767 367
844 115
563 313
624 926
68 810
698 217
894 75
659 569
850 763
267 435
485 631
720 817
645 125
511 561
283 450
874 15
334 987
681 296
370 559
209 636
225 877
709 549
628 280
901 368
365 89
932 198
104 591
760 971
698 805
822 906
371 102
255 826
922 768
800 776
281 346
779 337
77 993
361 500
622 679
975 376
224 466
185 8
639 142
885 691
296 740
196 579
902 606
407 722
671 241
941 225
266 36
852 902
122 776
600 505
606 189
635 881
491 318
189 510
245 810
994 979
235 774
142 565
184 301
361 753
943 0
755 398
123 326
285 755
137 308
731 879
770 909
574 901
930 602
290 67
739 175
30 437
566 976
646 35
285 910
892 887
149 28
778 42
291 586
78 423
586 327
423 176
462 411
370 848
77 826
184 56
483 551
645 268
812 344
306 780
30 339
659 862
83 528
328 187
649 201
147 285
201 465
238 483
617 175
489 543
759 782
3 775
715 822
759 328
279 156
544 919
652 299
734 567
591 908
60 548
264 807
580 268
847 947
809 685
172 835
318 403
932 995
637 377
823 112
196 232
775 644
774 29
417 358
91 889
769 813
370 755
896 590
347 507
318 133
543 152
913 239
818 998
408 286
40 417
571 921
37 923
188 582
787 148
233 588
325 597
58 57
294 229
526 42
893 185
437 306
571 837
359 140
931 364
836 54
157 500
175 518
273 482
317 761
407 454
749 233
970 295
318 253
588 18
34 210
170 975
133 677
541 195
150 111
982 981
751 409
13 294
433 892
672 728
923 978
92 775
89 624
563 645
34 629
590 400
975 726
637 820
570 163
54 346
70 184
685 303
977 118
724 939
560 3
867 409
978 713
31 893
102 766
672 640
223 384
469 381
447 508
5 867
339 510
23 884
111 362
63 967
237 768
705 814
763 257
548 461
714 296
121 611
584 253
593 555
155 43
946 240
829 213
763 279
404 446
107 95
633 890
326 946
782 505
959 786
43 154
491 442
623 774
32 632
870 764
213 103
624 714
620 846
886 462
271 57
15 712
654 404
223 344
99 391
570 898
698 484
1 329
908 552
240 455
769 210
537 737
592 921
221 509
308 886
469 341
572 554
481 514
183 468
214 510
221 775
376 52
888 936
695 508
860 199
286 949
206 780
616 843
305 131
695 264
177 110
92 284
454 866
331 502
367 945
371 789
736 83
804 641
946 730
577 105
456 347
182 601
210 392
376 0
585 981
812 887
707 901
851 738
85 59
975 896
579 785
761 218
25 997
627 183
242 749
56 79
963 860
735 951
650 8
486 791
770 904
862 633
431 691
7 781
713 590
593 903
23 25
772 81
505 383
922 523
914 396
814 555
801 178
522 704
320 348
139 623
382 703
91 651
892 12
221 796
496 602
750 306
477 208
987 235
288 621
900 642
767 948
962 407
738 633
567 193
650 30
213 88
118 377
72 1
445 289
941 317
703 716
678 461
